{
  "file_names": [
    "third_system_sales.json",
    "third_system_products.json",
    "third_system_customers.json",
    "modern_products.csv",
    "modern_customers.csv",
    "modern_sales.csv",
    "legacy_sales.csv",
    "legacy_products.csv",
    "legacy_customers.csv"
  ],
  "weights": {
    "file_name": 0.15,
    "schema_length": 0.15,
    "column_names": 0.3,
    "data_types": 0.2,
    "value_patterns": 0.2
  },
  "similarity_matrices": {
    "file_name": [
      [
        1.0,
        0.5,
        0.5,
        0.0,
        0.0,
        0.25,
        0.25,
        0.0,
        0.0
      ],
      [
        0.5,
        1.0,
        0.5,
        0.25,
        0.0,
        0.0,
        0.0,
        0.25,
        0.0
      ],
      [
        0.5,
        0.5,
        1.0,
        0.0,
        0.25,
        0.0,
        0.0,
        0.0,
        0.25
      ],
      [
        0.0,
        0.25,
        0.0,
        1.0,
        0.3333333333333333,
        0.3333333333333333,
        0.0,
        0.3333333333333333,
        0.0
      ],
      [
        0.0,
        0.0,
        0.25,
        0.3333333333333333,
        1.0,
        0.3333333333333333,
        0.0,
        0.0,
        0.3333333333333333
      ],
      [
        0.25,
        0.0,
        0.0,
        0.3333333333333333,
        0.3333333333333333,
        1.0,
        0.3333333333333333,
        0.0,
        0.0
      ],
      [
        0.25,
        0.0,
        0.0,
        0.0,
        0.0,
        0.3333333333333333,
        1.0,
        0.3333333333333333,
        0.3333333333333333
      ],
      [
        0.0,
        0.25,
        0.0,
        0.3333333333333333,
        0.0,
        0.0,
        0.3333333333333333,
        1.0,
        0.3333333333333333
      ],
      [
        0.0,
        0.0,
        0.25,
        0.0,
        0.3333333333333333,
        0.0,
        0.3333333333333333,
        0.3333333333333333,
        1.0
      ]
    ],
    "schema_length": [
      [
        1.0,
        1.0,
        0.8945454545454545,
        0.9309090909090909,
        0.96,
        0.98,
        1.0,
        0.99,
        0.8483333333333334
      ],
      [
        1.0,
        1.0,
        0.8945454545454545,
        0.9309090909090909,
        0.96,
        0.98,
        1.0,
        0.99,
        0.8483333333333334
      ],
      [
        0.8945454545454545,
        0.8945454545454545,
        1.0,
        0.9636363636363636,
        0.9345454545454546,
        0.8745454545454545,
        0.8945454545454545,
        0.8845454545454545,
        0.9333333333333333
      ],
      [
        0.9309090909090909,
        0.9309090909090909,
        0.9636363636363636,
        1.0,
        0.9018181818181819,
        0.9109090909090909,
        0.9309090909090909,
        0.9209090909090909,
        0.9121212121212121
      ],
      [
        0.96,
        0.96,
        0.9345454545454546,
        0.9018181818181819,
        1.0,
        0.94,
        0.96,
        0.95,
        0.875
      ],
      [
        0.98,
        0.98,
        0.8745454545454545,
        0.9109090909090909,
        0.94,
        1.0,
        0.98,
        0.99,
        0.8283333333333334
      ],
      [
        1.0,
        1.0,
        0.8945454545454545,
        0.9309090909090909,
        0.96,
        0.98,
        1.0,
        0.99,
        0.8483333333333334
      ],
      [
        0.99,
        0.99,
        0.8845454545454545,
        0.9209090909090909,
        0.95,
        0.99,
        0.99,
        1.0,
        0.8383333333333334
      ],
      [
        0.8483333333333334,
        0.8483333333333334,
        0.9333333333333333,
        0.9121212121212121,
        0.875,
        0.8283333333333334,
        0.8483333333333334,
        0.8383333333333334,
        1.0
      ]
    ],
    "column_names": [
      [
        1.0,
        0.5888285297155381,
        0.4765530721707777,
        0.4713698351925069,
        0.5240558415651322,
        0.5451506972312928,
        0.7208206939697266,
        0.5270465797185899,
        0.44284944782654445
      ],
      [
        0.5888285297155381,
        1.0,
        0.4319718355482275,
        0.5737587842074306,
        0.46827625155448904,
        0.48453782379627236,
        0.5295055538415908,
        0.7208791780471802,
        0.4316999023159345
      ],
      [
        0.4765530721707777,
        0.4319718355482275,
        1.0,
        0.41542294702746657,
        0.5551938750527122,
        0.3797759503126145,
        0.4415216803550719,
        0.3965248535979877,
        0.6756931796669959
      ],
      [
        0.4713698351925069,
        0.5737587842074306,
        0.41542294702746657,
        1.0,
        0.4018543121489611,
        0.38838997645811596,
        0.42881969321857805,
        0.5299055169929158,
        0.4404895829657714
      ],
      [
        0.5240558415651322,
        0.46827625155448904,
        0.5551938750527122,
        0.4018543121489611,
        1.0,
        0.4621704691648483,
        0.5435530364513397,
        0.4605911636352539,
        0.5574106708168983
      ],
      [
        0.5451506972312928,
        0.48453782379627236,
        0.3797759503126145,
        0.38838997645811596,
        0.4621704691648483,
        1.0,
        0.6360411107540129,
        0.5091887447237969,
        0.405743345618248
      ],
      [
        0.7208206939697266,
        0.5295055538415908,
        0.4415216803550719,
        0.42881969321857805,
        0.5435530364513397,
        0.6360411107540129,
        1.0,
        0.5208230167627335,
        0.4622906575600306
      ],
      [
        0.5270465797185899,
        0.7208791780471802,
        0.3965248535979877,
        0.5299055169929158,
        0.4605911636352539,
        0.5091887447237969,
        0.5208230167627335,
        1.0,
        0.4059785773356755
      ],
      [
        0.44284944782654445,
        0.4316999023159345,
        0.6756931796669959,
        0.4404895829657714,
        0.5574106708168983,
        0.405743345618248,
        0.4622906575600306,
        0.4059785773356755,
        1.0
      ]
    ],
    "data_types": [
      [
        1.0,
        0.86,
        0.72,
        0.93,
        0.86,
        0.7666666666666667,
        1.0,
        0.9222222222222223,
        0.74
      ],
      [
        0.86,
        1.0,
        0.8400000000000001,
        0.8600000000000001,
        0.8400000000000001,
        0.65,
        0.72,
        0.93,
        0.77
      ],
      [
        0.72,
        0.8400000000000001,
        1.0,
        0.7454545454545454,
        1.0,
        0.611111111111111,
        0.72,
        0.7699999999999999,
        0.9363636363636364
      ],
      [
        0.93,
        0.8600000000000001,
        0.7454545454545454,
        1.0,
        0.72,
        0.65,
        0.58,
        0.86,
        0.6818181818181818
      ],
      [
        0.86,
        0.8400000000000001,
        1.0,
        0.72,
        1.0,
        0.7444444444444444,
        0.72,
        0.77,
        0.93
      ],
      [
        0.7666666666666667,
        0.65,
        0.611111111111111,
        0.65,
        0.7444444444444444,
        1.0,
        0.93,
        0.82,
        0.67
      ],
      [
        1.0,
        0.72,
        0.72,
        0.58,
        0.72,
        0.93,
        1.0,
        0.93,
        0.74
      ],
      [
        0.9222222222222223,
        0.93,
        0.7699999999999999,
        0.86,
        0.77,
        0.82,
        0.93,
        1.0,
        0.7
      ],
      [
        0.74,
        0.77,
        0.9363636363636364,
        0.6818181818181818,
        0.93,
        0.67,
        0.74,
        0.7,
        1.0
      ]
    ],
    "value_patterns": [
      [
        1.0,
        0.6862016696045354,
        0.6509548365701001,
        0.6515067000430124,
        0.6676100330387942,
        0.8649554031370619,
        0.9405061101871747,
        0.6612313690688298,
        0.6880676025893668
      ],
      [
        0.6862016696045354,
        1.0,
        0.6259931205197198,
        0.7854462932588671,
        0.5870236843078606,
        0.5892885250927884,
        0.4943414429800569,
        0.8966778270080408,
        0.654811340652042
      ],
      [
        0.6509548365701001,
        0.6259931205197198,
        1.0,
        0.6066856890207618,
        0.8454599191950868,
        0.5182348670917533,
        0.6292473769940978,
        0.60851197827708,
        0.8793436055483403
      ],
      [
        0.6515067000430124,
        0.7854462932588671,
        0.6066856890207618,
        1.0,
        0.5623760913795424,
        0.5184303742660713,
        0.5187751710029126,
        0.8130472220875606,
        0.642858882818997
      ],
      [
        0.6676100330387942,
        0.5870236843078606,
        0.8454599191950868,
        0.5623760913795424,
        1.0,
        0.7471867825315468,
        0.642457305192458,
        0.6496403132589946,
        0.893790082514623
      ],
      [
        0.8649554031370619,
        0.5892885250927884,
        0.5182348670917533,
        0.5184303742660713,
        0.7471867825315468,
        1.0,
        0.8924598924968352,
        0.679161793911649,
        0.6389579163663519
      ],
      [
        0.9405061101871747,
        0.4943414429800569,
        0.6292473769940978,
        0.5187751710029126,
        0.642457305192458,
        0.8924598924968352,
        1.0,
        0.7280938779846988,
        0.6735110478798153
      ],
      [
        0.6612313690688298,
        0.8966778270080408,
        0.60851197827708,
        0.8130472220875606,
        0.6496403132589946,
        0.679161793911649,
        0.7280938779846988,
        1.0,
        0.6281710900400285
      ],
      [
        0.6880676025893668,
        0.654811340652042,
        0.8793436055483403,
        0.642858882818997,
        0.893790082514623,
        0.6389579163663519,
        0.6735110478798153,
        0.6281710900400285,
        1.0
      ]
    ],
    "total": [
      [
        1.0,
        0.7108888928355686,
        0.6263387071470715,
        0.5973486542027182,
        0.6067387590772985,
        0.6743696231301336,
        0.7918474302283529,
        0.6233046921737875,
        0.5457183548658366
      ],
      [
        0.7108888928355686,
        1.0,
        0.6319719929502304,
        0.6783532575503664,
        0.5698876123279188,
        0.5402190521574395,
        0.5517199547484886,
        0.7675993188157622,
        0.5417222388251888
      ],
      [
        0.6263387071470715,
        0.6319719929502304,
        1.0,
        0.5396003855487559,
        0.7133319645366493,
        0.4709837989161754,
        0.5364877976871594,
        0.5273416699166305,
        0.7433494022824941
      ],
      [
        0.5973486542027182,
        0.6783532575503664,
        0.5396003855487559,
        1.0,
        0.5623042391933241,
        0.5368394314270126,
        0.4880373058025196,
        0.6817174631517505,
        0.533900469635349
      ],
      [
        0.6067387590772985,
        0.5698876123279188,
        0.7133319645366493,
        0.5623042391933241,
        1.0,
        0.6279773861446527,
        0.5795573719738936,
        0.5646054117423751,
        0.713231217747994
      ],
      [
        0.6743696231301336,
        0.5402190521574395,
        0.4709837989161754,
        0.5368394314270126,
        0.6279773861446527,
        1.0,
        0.7523043117255709,
        0.6010889821994689,
        0.5077645869587448
      ],
      [
        0.7918474302283529,
        0.5517199547484886,
        0.5364877976871594,
        0.4880373058025196,
        0.5795573719738936,
        0.7523043117255709,
        1.0,
        0.6863656806257599,
        0.5986394068439722
      ],
      [
        0.6233046921737875,
        0.7675993188157622,
        0.5273416699166305,
        0.6817174631517505,
        0.5646054117423751,
        0.6010889821994689,
        0.6863656806257599,
        1.0,
        0.5631777912087083
      ],
      [
        0.5457183548658366,
        0.5417222388251888,
        0.7433494022824941,
        0.533900469635349,
        0.713231217747994,
        0.5077645869587448,
        0.5986394068439722,
        0.5631777912087083,
        1.0
      ]
    ]
  },
  "final_similarity_matrix": [
    [
      1.0,
      0.7108888928355686,
      0.6263387071470715,
      0.5973486542027182,
      0.6067387590772985,
      0.6743696231301336,
      0.7918474302283529,
      0.6233046921737875,
      0.5457183548658366
    ],
    [
      0.7108888928355686,
      1.0,
      0.6319719929502304,
      0.6783532575503664,
      0.5698876123279188,
      0.5402190521574395,
      0.5517199547484886,
      0.7675993188157622,
      0.5417222388251888
    ],
    [
      0.6263387071470715,
      0.6319719929502304,
      1.0,
      0.5396003855487559,
      0.7133319645366493,
      0.4709837989161754,
      0.5364877976871594,
      0.5273416699166305,
      0.7433494022824941
    ],
    [
      0.5973486542027182,
      0.6783532575503664,
      0.5396003855487559,
      1.0,
      0.5623042391933241,
      0.5368394314270126,
      0.4880373058025196,
      0.6817174631517505,
      0.533900469635349
    ],
    [
      0.6067387590772985,
      0.5698876123279188,
      0.7133319645366493,
      0.5623042391933241,
      1.0,
      0.6279773861446527,
      0.5795573719738936,
      0.5646054117423751,
      0.713231217747994
    ],
    [
      0.6743696231301336,
      0.5402190521574395,
      0.4709837989161754,
      0.5368394314270126,
      0.6279773861446527,
      1.0,
      0.7523043117255709,
      0.6010889821994689,
      0.5077645869587448
    ],
    [
      0.7918474302283529,
      0.5517199547484886,
      0.5364877976871594,
      0.4880373058025196,
      0.5795573719738936,
      0.7523043117255709,
      1.0,
      0.6863656806257599,
      0.5986394068439722
    ],
    [
      0.6233046921737875,
      0.7675993188157622,
      0.5273416699166305,
      0.6817174631517505,
      0.5646054117423751,
      0.6010889821994689,
      0.6863656806257599,
      1.0,
      0.5631777912087083
    ],
    [
      0.5457183548658366,
      0.5417222388251888,
      0.7433494022824941,
      0.533900469635349,
      0.713231217747994,
      0.5077645869587448,
      0.5986394068439722,
      0.5631777912087083,
      1.0
    ]
  ],
  "clusters": [
    [
      "third_system_sales.json",
      "modern_sales.csv",
      "legacy_sales.csv"
    ],
    [
      "third_system_products.json",
      "modern_products.csv",
      "legacy_products.csv"
    ],
    [
      "third_system_customers.json",
      "modern_customers.csv",
      "legacy_customers.csv"
    ]
  ],
  "detailed_results": {
    "third_system_sales.json||third_system_products.json": {
      "scores": {
        "file_name": 0.5,
        "schema_length": 1.0,
        "column_names": 0.5888285297155381,
        "data_types": 0.86,
        "value_patterns": 0.6862016696045354,
        "total": 0.7108888928355686
      },
      "details": {
        "file_name": {
          "score": 0.5
        },
        "schema_length": {
          "score": 1.0
        },
        "column_names": {
          "score": 0.5888285297155381,
          "mapping_count": 10
        },
        "data_types": {
          "score": 0.86,
          "uses_mapping": true
        },
        "value_patterns": {
          "score": 0.6862016696045354,
          "uses_mapping": true
        }
      },
      "column_mapping": [
        [
          "sale_id",
          "retail_price",
          0.605326509475708
        ],
        [
          "account_id",
          "item_code",
          0.5788122415542603
        ],
        [
          "item_code",
          "item_name",
          0.8144184231758118
        ],
        [
          "order_quantity",
          "stock_level",
          0.6041807174682617
        ],
        [
          "item_price",
          "item_weight",
          0.7382683634757996
        ],
        [
          "sale_total",
          "product_dimensions",
          0.536267626285553
        ],
        [
          "sale_date",
          "brand_name",
          0.4647450089454651
        ],
        [
          "delivery_status",
          "availability_status",
          0.6699368238449097
        ],
        [
          "payment_option",
          "supplier",
          0.41949400305747986
        ],
        [
          "customer_address",
          "category_name",
          0.45683557987213136
        ]
      ]
    },
    "third_system_products.json||third_system_sales.json": {
      "scores": {
        "file_name": 0.5,
        "schema_length": 1.0,
        "column_names": 0.5888285297155381,
        "data_types": 0.86,
        "value_patterns": 0.6862016696045354,
        "total": 0.7108888928355686
      },
      "details": {
        "file_name": {
          "score": 0.5
        },
        "schema_length": {
          "score": 1.0
        },
        "column_names": {
          "score": 0.5888285297155381,
          "mapping_count": 10
        },
        "data_types": {
          "score": 0.86,
          "uses_mapping": true
        },
        "value_patterns": {
          "score": 0.6862016696045354,
          "uses_mapping": true
        }
      },
      "column_mapping": [
        [
          "sale_id",
          "retail_price",
          0.605326509475708
        ],
        [
          "account_id",
          "item_code",
          0.5788122415542603
        ],
        [
          "item_code",
          "item_name",
          0.8144184231758118
        ],
        [
          "order_quantity",
          "stock_level",
          0.6041807174682617
        ],
        [
          "item_price",
          "item_weight",
          0.7382683634757996
        ],
        [
          "sale_total",
          "product_dimensions",
          0.536267626285553
        ],
        [
          "sale_date",
          "brand_name",
          0.4647450089454651
        ],
        [
          "delivery_status",
          "availability_status",
          0.6699368238449097
        ],
        [
          "payment_option",
          "supplier",
          0.41949400305747986
        ],
        [
          "customer_address",
          "category_name",
          0.45683557987213136
        ]
      ]
    },
    "third_system_sales.json||third_system_customers.json": {
      "scores": {
        "file_name": 0.5,
        "schema_length": 0.8945454545454545,
        "column_names": 0.4765530721707777,
        "data_types": 0.72,
        "value_patterns": 0.6509548365701001,
        "total": 0.6263387071470715
      },
      "details": {
        "file_name": {
          "score": 0.5
        },
        "schema_length": {
          "score": 0.8945454545454545
        },
        "column_names": {
          "score": 0.4765530721707777,
          "mapping_count": 10
        },
        "data_types": {
          "score": 0.72,
          "uses_mapping": true
        },
        "value_patterns": {
          "score": 0.6509548365701001,
          "uses_mapping": true
        }
      },
      "column_mapping": [
        [
          "sale_id",
          "account_id",
          0.6439063668251037
        ],
        [
          "account_id",
          "membership_status",
          0.5786635279655457
        ],
        [
          "item_code",
          "postal_code",
          0.572944164276123
        ],
        [
          "order_quantity",
          "contact_number",
          0.4947429895401001
        ],
        [
          "item_price",
          "customer_name",
          0.45170581340789795
        ],
        [
          "sale_total",
          "city_name",
          0.3994665205478668
        ],
        [
          "sale_date",
          "signup_date",
          0.605569040775299
        ],
        [
          "delivery_status",
          "state_province",
          0.4434922218322754
        ],
        [
          "payment_option",
          "address_line",
          0.4225551843643188
        ],
        [
          "customer_address",
          "email_addr",
          0.6290379643440247
        ]
      ]
    },
    "third_system_customers.json||third_system_sales.json": {
      "scores": {
        "file_name": 0.5,
        "schema_length": 0.8945454545454545,
        "column_names": 0.4765530721707777,
        "data_types": 0.72,
        "value_patterns": 0.6509548365701001,
        "total": 0.6263387071470715
      },
      "details": {
        "file_name": {
          "score": 0.5
        },
        "schema_length": {
          "score": 0.8945454545454545
        },
        "column_names": {
          "score": 0.4765530721707777,
          "mapping_count": 10
        },
        "data_types": {
          "score": 0.72,
          "uses_mapping": true
        },
        "value_patterns": {
          "score": 0.6509548365701001,
          "uses_mapping": true
        }
      },
      "column_mapping": [
        [
          "sale_id",
          "account_id",
          0.6439063668251037
        ],
        [
          "account_id",
          "membership_status",
          0.5786635279655457
        ],
        [
          "item_code",
          "postal_code",
          0.572944164276123
        ],
        [
          "order_quantity",
          "contact_number",
          0.4947429895401001
        ],
        [
          "item_price",
          "customer_name",
          0.45170581340789795
        ],
        [
          "sale_total",
          "city_name",
          0.3994665205478668
        ],
        [
          "sale_date",
          "signup_date",
          0.605569040775299
        ],
        [
          "delivery_status",
          "state_province",
          0.4434922218322754
        ],
        [
          "payment_option",
          "address_line",
          0.4225551843643188
        ],
        [
          "customer_address",
          "email_addr",
          0.6290379643440247
        ]
      ]
    },
    "third_system_sales.json||modern_products.csv": {
      "scores": {
        "file_name": 0.0,
        "schema_length": 0.9309090909090909,
        "column_names": 0.4713698351925069,
        "data_types": 0.93,
        "value_patterns": 0.6515067000430124,
        "total": 0.5973486542027182
      },
      "details": {
        "file_name": {
          "score": 0.0
        },
        "schema_length": {
          "score": 0.9309090909090909
        },
        "column_names": {
          "score": 0.4713698351925069,
          "mapping_count": 10
        },
        "data_types": {
          "score": 0.93,
          "uses_mapping": true
        },
        "value_patterns": {
          "score": 0.6515067000430124,
          "uses_mapping": true
        }
      },
      "column_mapping": [
        [
          "sale_id",
          "seller",
          0.6526628494262695
        ],
        [
          "account_id",
          "asin",
          0.435211181640625
        ],
        [
          "item_code",
          "product_condition",
          0.5587622165679932
        ],
        [
          "order_quantity",
          "stock_quantity",
          0.7411466598510743
        ],
        [
          "item_price",
          "current_price",
          0.7559639692306519
        ],
        [
          "sale_total",
          "specifications",
          0.501608157157898
        ],
        [
          "sale_date",
          "brand",
          0.41435626745223997
        ],
        [
          "delivery_status",
          "title",
          0.4100798606872559
        ],
        [
          "payment_option",
          "category",
          0.3434321016073227
        ],
        [
          "customer_address",
          "subcategory",
          0.3718449234962463
        ]
      ]
    },
    "modern_products.csv||third_system_sales.json": {
      "scores": {
        "file_name": 0.0,
        "schema_length": 0.9309090909090909,
        "column_names": 0.4713698351925069,
        "data_types": 0.93,
        "value_patterns": 0.6515067000430124,
        "total": 0.5973486542027182
      },
      "details": {
        "file_name": {
          "score": 0.0
        },
        "schema_length": {
          "score": 0.9309090909090909
        },
        "column_names": {
          "score": 0.4713698351925069,
          "mapping_count": 10
        },
        "data_types": {
          "score": 0.93,
          "uses_mapping": true
        },
        "value_patterns": {
          "score": 0.6515067000430124,
          "uses_mapping": true
        }
      },
      "column_mapping": [
        [
          "sale_id",
          "seller",
          0.6526628494262695
        ],
        [
          "account_id",
          "asin",
          0.435211181640625
        ],
        [
          "item_code",
          "product_condition",
          0.5587622165679932
        ],
        [
          "order_quantity",
          "stock_quantity",
          0.7411466598510743
        ],
        [
          "item_price",
          "current_price",
          0.7559639692306519
        ],
        [
          "sale_total",
          "specifications",
          0.501608157157898
        ],
        [
          "sale_date",
          "brand",
          0.41435626745223997
        ],
        [
          "delivery_status",
          "title",
          0.4100798606872559
        ],
        [
          "payment_option",
          "category",
          0.3434321016073227
        ],
        [
          "customer_address",
          "subcategory",
          0.3718449234962463
        ]
      ]
    },
    "third_system_sales.json||modern_customers.csv": {
      "scores": {
        "file_name": 0.0,
        "schema_length": 0.96,
        "column_names": 0.5240558415651322,
        "data_types": 0.86,
        "value_patterns": 0.6676100330387942,
        "total": 0.6067387590772985
      },
      "details": {
        "file_name": {
          "score": 0.0
        },
        "schema_length": {
          "score": 0.96
        },
        "column_names": {
          "score": 0.5240558415651322,
          "mapping_count": 10
        },
        "data_types": {
          "score": 0.86,
          "uses_mapping": true
        },
        "value_patterns": {
          "score": 0.6676100330387942,
          "uses_mapping": true
        }
      },
      "column_mapping": [
        [
          "sale_id",
          "user_id",
          0.6515037059783936
        ],
        [
          "account_id",
          "account_created",
          0.7797810673713683
        ],
        [
          "item_code",
          "prime_member",
          0.6139652490615845
        ],
        [
          "order_quantity",
          "shipping_zip",
          0.5644670963287353
        ],
        [
          "item_price",
          "loyalty_tier",
          0.4261239171028137
        ],
        [
          "sale_total",
          "shipping_city",
          0.4575559377670288
        ],
        [
          "sale_date",
          "shipping_state",
          0.40684422850608826
        ],
        [
          "delivery_status",
          "email",
          0.4016913652420044
        ],
        [
          "payment_option",
          "full_name",
          0.3619516611099243
        ],
        [
          "customer_address",
          "phone",
          0.57667418718338
        ]
      ]
    },
    "modern_customers.csv||third_system_sales.json": {
      "scores": {
        "file_name": 0.0,
        "schema_length": 0.96,
        "column_names": 0.5240558415651322,
        "data_types": 0.86,
        "value_patterns": 0.6676100330387942,
        "total": 0.6067387590772985
      },
      "details": {
        "file_name": {
          "score": 0.0
        },
        "schema_length": {
          "score": 0.96
        },
        "column_names": {
          "score": 0.5240558415651322,
          "mapping_count": 10
        },
        "data_types": {
          "score": 0.86,
          "uses_mapping": true
        },
        "value_patterns": {
          "score": 0.6676100330387942,
          "uses_mapping": true
        }
      },
      "column_mapping": [
        [
          "sale_id",
          "user_id",
          0.6515037059783936
        ],
        [
          "account_id",
          "account_created",
          0.7797810673713683
        ],
        [
          "item_code",
          "prime_member",
          0.6139652490615845
        ],
        [
          "order_quantity",
          "shipping_zip",
          0.5644670963287353
        ],
        [
          "item_price",
          "loyalty_tier",
          0.4261239171028137
        ],
        [
          "sale_total",
          "shipping_city",
          0.4575559377670288
        ],
        [
          "sale_date",
          "shipping_state",
          0.40684422850608826
        ],
        [
          "delivery_status",
          "email",
          0.4016913652420044
        ],
        [
          "payment_option",
          "full_name",
          0.3619516611099243
        ],
        [
          "customer_address",
          "phone",
          0.57667418718338
        ]
      ]
    },
    "third_system_sales.json||modern_sales.csv": {
      "scores": {
        "file_name": 0.25,
        "schema_length": 0.98,
        "column_names": 0.5451506972312928,
        "data_types": 0.7666666666666667,
        "value_patterns": 0.8649554031370619,
        "total": 0.6743696231301336
      },
      "details": {
        "file_name": {
          "score": 0.25
        },
        "schema_length": {
          "score": 0.98
        },
        "column_names": {
          "score": 0.5451506972312928,
          "mapping_count": 9
        },
        "data_types": {
          "score": 0.7666666666666667,
          "uses_mapping": true
        },
        "value_patterns": {
          "score": 0.8649554031370619,
          "uses_mapping": true
        }
      },
      "column_mapping": [
        [
          "sale_id",
          "transaction_id",
          0.7041626214981078
        ],
        [
          "account_id",
          "user_id",
          0.8065202951431274
        ],
        [
          "item_code",
          "price_per_item",
          0.6267127275466919
        ],
        [
          "order_quantity",
          "qty",
          0.6254549980163574
        ],
        [
          "item_price",
          "transaction_total",
          0.6090115666389465
        ],
        [
          "sale_total",
          "payment_type",
          0.5555360078811645
        ],
        [
          "sale_date",
          "timestamp",
          0.5435782909393311
        ],
        [
          "delivery_status",
          "fulfillment_channel",
          0.5726051926612854
        ],
        [
          "payment_option",
          "promotion_applied",
          0.407925271987915
        ]
      ]
    },
    "modern_sales.csv||third_system_sales.json": {
      "scores": {
        "file_name": 0.25,
        "schema_length": 0.98,
        "column_names": 0.5451506972312928,
        "data_types": 0.7666666666666667,
        "value_patterns": 0.8649554031370619,
        "total": 0.6743696231301336
      },
      "details": {
        "file_name": {
          "score": 0.25
        },
        "schema_length": {
          "score": 0.98
        },
        "column_names": {
          "score": 0.5451506972312928,
          "mapping_count": 9
        },
        "data_types": {
          "score": 0.7666666666666667,
          "uses_mapping": true
        },
        "value_patterns": {
          "score": 0.8649554031370619,
          "uses_mapping": true
        }
      },
      "column_mapping": [
        [
          "sale_id",
          "transaction_id",
          0.7041626214981078
        ],
        [
          "account_id",
          "user_id",
          0.8065202951431274
        ],
        [
          "item_code",
          "price_per_item",
          0.6267127275466919
        ],
        [
          "order_quantity",
          "qty",
          0.6254549980163574
        ],
        [
          "item_price",
          "transaction_total",
          0.6090115666389465
        ],
        [
          "sale_total",
          "payment_type",
          0.5555360078811645
        ],
        [
          "sale_date",
          "timestamp",
          0.5435782909393311
        ],
        [
          "delivery_status",
          "fulfillment_channel",
          0.5726051926612854
        ],
        [
          "payment_option",
          "promotion_applied",
          0.407925271987915
        ]
      ]
    },
    "third_system_sales.json||legacy_sales.csv": {
      "scores": {
        "file_name": 0.25,
        "schema_length": 1.0,
        "column_names": 0.7208206939697266,
        "data_types": 1.0,
        "value_patterns": 0.9405061101871747,
        "total": 0.7918474302283529
      },
      "details": {
        "file_name": {
          "score": 0.25
        },
        "schema_length": {
          "score": 1.0
        },
        "column_names": {
          "score": 0.7208206939697266,
          "mapping_count": 10
        },
        "data_types": {
          "score": 1.0,
          "uses_mapping": true
        },
        "value_patterns": {
          "score": 0.9405061101871747,
          "uses_mapping": true
        }
      },
      "column_mapping": [
        [
          "sale_id",
          "customer_id",
          0.6998623609542847
        ],
        [
          "account_id",
          "order_id",
          0.646794593334198
        ],
        [
          "item_code",
          "product_sku",
          0.6699508786201477
        ],
        [
          "order_quantity",
          "quantity",
          0.7123303174972534
        ],
        [
          "item_price",
          "unit_price",
          0.8350083589553832
        ],
        [
          "sale_total",
          "total_amount",
          0.7096617341041564
        ],
        [
          "sale_date",
          "order_date",
          0.7472245454788208
        ],
        [
          "delivery_status",
          "shipping_status",
          0.8545081615447998
        ],
        [
          "payment_option",
          "payment_method",
          0.7475905776023866
        ],
        [
          "customer_address",
          "shipping_address",
          0.585275411605835
        ]
      ]
    },
    "legacy_sales.csv||third_system_sales.json": {
      "scores": {
        "file_name": 0.25,
        "schema_length": 1.0,
        "column_names": 0.7208206939697266,
        "data_types": 1.0,
        "value_patterns": 0.9405061101871747,
        "total": 0.7918474302283529
      },
      "details": {
        "file_name": {
          "score": 0.25
        },
        "schema_length": {
          "score": 1.0
        },
        "column_names": {
          "score": 0.7208206939697266,
          "mapping_count": 10
        },
        "data_types": {
          "score": 1.0,
          "uses_mapping": true
        },
        "value_patterns": {
          "score": 0.9405061101871747,
          "uses_mapping": true
        }
      },
      "column_mapping": [
        [
          "sale_id",
          "customer_id",
          0.6998623609542847
        ],
        [
          "account_id",
          "order_id",
          0.646794593334198
        ],
        [
          "item_code",
          "product_sku",
          0.6699508786201477
        ],
        [
          "order_quantity",
          "quantity",
          0.7123303174972534
        ],
        [
          "item_price",
          "unit_price",
          0.8350083589553832
        ],
        [
          "sale_total",
          "total_amount",
          0.7096617341041564
        ],
        [
          "sale_date",
          "order_date",
          0.7472245454788208
        ],
        [
          "delivery_status",
          "shipping_status",
          0.8545081615447998
        ],
        [
          "payment_option",
          "payment_method",
          0.7475905776023866
        ],
        [
          "customer_address",
          "shipping_address",
          0.585275411605835
        ]
      ]
    },
    "third_system_sales.json||legacy_products.csv": {
      "scores": {
        "file_name": 0.0,
        "schema_length": 0.99,
        "column_names": 0.5270465797185899,
        "data_types": 0.9222222222222223,
        "value_patterns": 0.6612313690688298,
        "total": 0.6233046921737875
      },
      "details": {
        "file_name": {
          "score": 0.0
        },
        "schema_length": {
          "score": 0.99
        },
        "column_names": {
          "score": 0.5270465797185899,
          "mapping_count": 9
        },
        "data_types": {
          "score": 0.9222222222222223,
          "uses_mapping": true
        },
        "value_patterns": {
          "score": 0.6612313690688298,
          "uses_mapping": true
        }
      },
      "column_mapping": [
        [
          "sale_id",
          "product_sku",
          0.6397876858711242
        ],
        [
          "account_id",
          "dimensions",
          0.46925764679908755
        ],
        [
          "item_code",
          "product_category",
          0.5943217396736145
        ],
        [
          "order_quantity",
          "inventory_count",
          0.7224836111068725
        ],
        [
          "item_price",
          "list_price",
          0.7966217398643494
        ],
        [
          "sale_total",
          "weight_lbs",
          0.5430450439453125
        ],
        [
          "sale_date",
          "product_name",
          0.48596781492233276
        ],
        [
          "delivery_status",
          "is_active",
          0.5033462047576904
        ],
        [
          "customer_address",
          "manufacturer",
          0.5156343102455139
        ]
      ]
    },
    "legacy_products.csv||third_system_sales.json": {
      "scores": {
        "file_name": 0.0,
        "schema_length": 0.99,
        "column_names": 0.5270465797185899,
        "data_types": 0.9222222222222223,
        "value_patterns": 0.6612313690688298,
        "total": 0.6233046921737875
      },
      "details": {
        "file_name": {
          "score": 0.0
        },
        "schema_length": {
          "score": 0.99
        },
        "column_names": {
          "score": 0.5270465797185899,
          "mapping_count": 9
        },
        "data_types": {
          "score": 0.9222222222222223,
          "uses_mapping": true
        },
        "value_patterns": {
          "score": 0.6612313690688298,
          "uses_mapping": true
        }
      },
      "column_mapping": [
        [
          "sale_id",
          "product_sku",
          0.6397876858711242
        ],
        [
          "account_id",
          "dimensions",
          0.46925764679908755
        ],
        [
          "item_code",
          "product_category",
          0.5943217396736145
        ],
        [
          "order_quantity",
          "inventory_count",
          0.7224836111068725
        ],
        [
          "item_price",
          "list_price",
          0.7966217398643494
        ],
        [
          "sale_total",
          "weight_lbs",
          0.5430450439453125
        ],
        [
          "sale_date",
          "product_name",
          0.48596781492233276
        ],
        [
          "delivery_status",
          "is_active",
          0.5033462047576904
        ],
        [
          "customer_address",
          "manufacturer",
          0.5156343102455139
        ]
      ]
    },
    "third_system_sales.json||legacy_customers.csv": {
      "scores": {
        "file_name": 0.0,
        "schema_length": 0.8483333333333334,
        "column_names": 0.44284944782654445,
        "data_types": 0.74,
        "value_patterns": 0.6880676025893668,
        "total": 0.5457183548658366
      },
